10 1
10 1
10 1
10 1
10 1
10 1
10 1
100 0
101 0
101 0
101 0
101 0
102 0
102 0
102 0
103 1
103 2
103 2
103 2
11 1
12 0
12 0
12 1
12 1
13 1
13 1
13 1
14 0
14 0
14 0
15 0
15 0
15 0
16 0
16 0
17 0
17 0
17 0
18 0
18 0
18 0
18 0
18 0
19 0
19 1
19 1
19 1
19 2
20 0
20 1
20 2
20 3
20 3
20 4
20 4
20 4
20 4
20 4
20 4
20 4
20 4
21 1
21 1
21 1
21 1
22 0
23 1
23 1
23 1
24 0
25 0
25 0
25 0
25 0
26 1
26 1
27 0
27 0
28 1
28 1
28 1
28 1
29 0
29 0
29 0
29 0
3 0
3 1
3 1
3 1
3 10
3 10
3 10
3 11
3 12
3 12
3 12
3 12
3 13
3 13
3 14
3 14
3 15
3 15
3 16
3 18
3 18
3 18
3 18
3 19
3 19
3 19
3 19
3 19
3 19
3 20
3 20
3 20
3 21
3 21
3 21
3 22
3 22
3 23
3 23
3 23
3 23
3 25
3 25
3 26
3 27
3 27
3 27
3 27
3 28
3 28
3 29
3 29
3 3
3 3
3 30
3 31
3 31
3 31
3 32
3 33
3 33
3 4
3 4
3 5
3 7
3 7
3 7
3 7
3 8
3 8
30 1
30 1
30 1
30 1
30 1
30 1
30 1
30 1
30 1
30 1
30 1
30 1
30 2
31 0
31 1
31 1
31 1
32 0
32 0
33 0
33 1
33 1
33 1
34 0
34 0
34 0
35 0
35 0
35 0
36 0
37 1
37 1
37 1
37 1
38 0
38 0
38 0
39 1
39 2
39 2
39 2
4 0
4 0
4 0
4 0
4 0
4 1
4 1
40 0
40 0
40 0
41 0
42 1
42 1
42 1
43 0
43 0
43 0
43 1
43 1
43 1
44 1
44 1
44 2
44 3
44 3
44 3
45 0
46 0
46 0
46 0
46 0
46 1
47 1
47 2
47 2
48 0
48 0
5 1
5 1
5 1
5 1
5 1
5 1
5 1
5 1
5 1
50 0
50 0
51 1
51 1
51 1
51 1
52 1
52 1
52 1
52 1
53 0
53 0
54 1
54 1
54 1
56 0
57 0
57 0
57 0
57 0
58 1
58 1
58 1
58 1
59 1
59 1
59 1
59 1
59 1
6 0
6 0
6 0
6 0
6 0
6 0
6 0
6 0
6 0
60 0
60 0
60 0
60 0
61 0
62 1
62 1
62 1
62 1
63 0
63 0
63 0
63 0
64 0
65 0
65 0
66 0
66 0
67 1
67 2
67 2
67 2
67 2
68 0
68 0
68 0
68 0
69 0
69 0
69 0
69 0
7 0
7 0
7 0
7 0
7 0
7 0
7 0
7 0
70 0
71 1
71 2
71 2
71 2
71 2
72 2
72 2
73 0
73 1
74 1
74 1
75 1
75 1
75 1
75 1
75 1
75 1
76 1
76 2
76 3
76 3
76 3
76 3
77 0
77 0
77 0
78 1
78 1
79 0
79 0
79 0
8 0
8 0
8 0
8 0
8 0
8 0
8 0
8 0
8 0
80 1
80 1
80 1
82 0
82 0
82 0
83 0
83 0
84 0
85 1
85 1
85 1
86 1
86 1
88 0
88 0
88 0
88 0
88 0
89 0
9 0
9 0
9 0
9 0
9 0
9 0
9 0
9 0
9 0
9 0
90 0
90 0
90 0
90 0
91 0
91 0
91 0
91 1
92 0
92 0
92 0
92 0
93 0
93 0
94 0
94 0
94 0
94 0
95 0
95 1
96 0
96 0
97 1
97 1
98 1
98 1
99 0
99 0
